{
 "cells": [
  {
   "cell_type": "code",
   "execution_count": 1,
   "id": "97007b60",
   "metadata": {},
   "outputs": [],
   "source": [
    "import pandas as pd\n",
    "import numpy as np\n",
    "import matplotlib\n",
    "import matplotlib.pyplot as plt\n",
    "\n",
    "import seaborn\n",
    "import seaborn as sns\n",
    "\n",
    "from warnings import filterwarnings\n",
    "filterwarnings('ignore')\n",
    "\n",
    "%matplotlib inline"
   ]
  },
  {
   "cell_type": "code",
   "execution_count": 2,
   "id": "14966a70",
   "metadata": {},
   "outputs": [
    {
     "data": {
      "text/html": [
       "<div>\n",
       "<style scoped>\n",
       "    .dataframe tbody tr th:only-of-type {\n",
       "        vertical-align: middle;\n",
       "    }\n",
       "\n",
       "    .dataframe tbody tr th {\n",
       "        vertical-align: top;\n",
       "    }\n",
       "\n",
       "    .dataframe thead th {\n",
       "        text-align: right;\n",
       "    }\n",
       "</style>\n",
       "<table border=\"1\" class=\"dataframe\">\n",
       "  <thead>\n",
       "    <tr style=\"text-align: right;\">\n",
       "      <th></th>\n",
       "      <th>cement</th>\n",
       "      <th>slag</th>\n",
       "      <th>ash</th>\n",
       "      <th>water</th>\n",
       "      <th>superplastic</th>\n",
       "      <th>coarseagg</th>\n",
       "      <th>fineagg</th>\n",
       "      <th>age</th>\n",
       "      <th>strength</th>\n",
       "    </tr>\n",
       "  </thead>\n",
       "  <tbody>\n",
       "    <tr>\n",
       "      <th>913</th>\n",
       "      <td>318.8</td>\n",
       "      <td>212.5</td>\n",
       "      <td>0.0</td>\n",
       "      <td>155.7</td>\n",
       "      <td>14.3</td>\n",
       "      <td>852.1</td>\n",
       "      <td>880.4</td>\n",
       "      <td>56</td>\n",
       "      <td>66.10</td>\n",
       "    </tr>\n",
       "    <tr>\n",
       "      <th>181</th>\n",
       "      <td>359.0</td>\n",
       "      <td>19.0</td>\n",
       "      <td>141.0</td>\n",
       "      <td>154.0</td>\n",
       "      <td>10.9</td>\n",
       "      <td>942.0</td>\n",
       "      <td>801.0</td>\n",
       "      <td>28</td>\n",
       "      <td>59.49</td>\n",
       "    </tr>\n",
       "    <tr>\n",
       "      <th>1022</th>\n",
       "      <td>144.8</td>\n",
       "      <td>0.0</td>\n",
       "      <td>133.6</td>\n",
       "      <td>180.8</td>\n",
       "      <td>11.1</td>\n",
       "      <td>979.5</td>\n",
       "      <td>811.5</td>\n",
       "      <td>28</td>\n",
       "      <td>13.20</td>\n",
       "    </tr>\n",
       "    <tr>\n",
       "      <th>769</th>\n",
       "      <td>374.0</td>\n",
       "      <td>0.0</td>\n",
       "      <td>0.0</td>\n",
       "      <td>190.0</td>\n",
       "      <td>7.0</td>\n",
       "      <td>1013.0</td>\n",
       "      <td>730.0</td>\n",
       "      <td>28</td>\n",
       "      <td>39.05</td>\n",
       "    </tr>\n",
       "    <tr>\n",
       "      <th>956</th>\n",
       "      <td>356.0</td>\n",
       "      <td>119.0</td>\n",
       "      <td>0.0</td>\n",
       "      <td>160.0</td>\n",
       "      <td>9.0</td>\n",
       "      <td>1061.0</td>\n",
       "      <td>657.0</td>\n",
       "      <td>28</td>\n",
       "      <td>59.00</td>\n",
       "    </tr>\n",
       "    <tr>\n",
       "      <th>841</th>\n",
       "      <td>313.3</td>\n",
       "      <td>262.2</td>\n",
       "      <td>0.0</td>\n",
       "      <td>175.5</td>\n",
       "      <td>8.6</td>\n",
       "      <td>1046.9</td>\n",
       "      <td>611.8</td>\n",
       "      <td>3</td>\n",
       "      <td>28.80</td>\n",
       "    </tr>\n",
       "    <tr>\n",
       "      <th>332</th>\n",
       "      <td>182.0</td>\n",
       "      <td>45.2</td>\n",
       "      <td>122.0</td>\n",
       "      <td>170.2</td>\n",
       "      <td>8.2</td>\n",
       "      <td>1059.4</td>\n",
       "      <td>780.7</td>\n",
       "      <td>3</td>\n",
       "      <td>7.32</td>\n",
       "    </tr>\n",
       "    <tr>\n",
       "      <th>613</th>\n",
       "      <td>238.1</td>\n",
       "      <td>0.0</td>\n",
       "      <td>94.1</td>\n",
       "      <td>186.7</td>\n",
       "      <td>7.0</td>\n",
       "      <td>949.9</td>\n",
       "      <td>847.0</td>\n",
       "      <td>28</td>\n",
       "      <td>30.23</td>\n",
       "    </tr>\n",
       "    <tr>\n",
       "      <th>722</th>\n",
       "      <td>249.1</td>\n",
       "      <td>0.0</td>\n",
       "      <td>98.8</td>\n",
       "      <td>158.1</td>\n",
       "      <td>12.8</td>\n",
       "      <td>987.8</td>\n",
       "      <td>889.0</td>\n",
       "      <td>28</td>\n",
       "      <td>30.85</td>\n",
       "    </tr>\n",
       "    <tr>\n",
       "      <th>171</th>\n",
       "      <td>178.0</td>\n",
       "      <td>129.8</td>\n",
       "      <td>118.6</td>\n",
       "      <td>179.9</td>\n",
       "      <td>3.6</td>\n",
       "      <td>1007.3</td>\n",
       "      <td>746.8</td>\n",
       "      <td>56</td>\n",
       "      <td>48.59</td>\n",
       "    </tr>\n",
       "  </tbody>\n",
       "</table>\n",
       "</div>"
      ],
      "text/plain": [
       "      cement   slag    ash  water  superplastic  coarseagg  fineagg  age  \\\n",
       "913    318.8  212.5    0.0  155.7          14.3      852.1    880.4   56   \n",
       "181    359.0   19.0  141.0  154.0          10.9      942.0    801.0   28   \n",
       "1022   144.8    0.0  133.6  180.8          11.1      979.5    811.5   28   \n",
       "769    374.0    0.0    0.0  190.0           7.0     1013.0    730.0   28   \n",
       "956    356.0  119.0    0.0  160.0           9.0     1061.0    657.0   28   \n",
       "841    313.3  262.2    0.0  175.5           8.6     1046.9    611.8    3   \n",
       "332    182.0   45.2  122.0  170.2           8.2     1059.4    780.7    3   \n",
       "613    238.1    0.0   94.1  186.7           7.0      949.9    847.0   28   \n",
       "722    249.1    0.0   98.8  158.1          12.8      987.8    889.0   28   \n",
       "171    178.0  129.8  118.6  179.9           3.6     1007.3    746.8   56   \n",
       "\n",
       "      strength  \n",
       "913      66.10  \n",
       "181      59.49  \n",
       "1022     13.20  \n",
       "769      39.05  \n",
       "956      59.00  \n",
       "841      28.80  \n",
       "332       7.32  \n",
       "613      30.23  \n",
       "722      30.85  \n",
       "171      48.59  "
      ]
     },
     "execution_count": 2,
     "metadata": {},
     "output_type": "execute_result"
    }
   ],
   "source": [
    "concrete_data = pd.read_csv('concrete.csv', encoding='UTF-8')\n",
    "concrete_data.sample(10)"
   ]
  },
  {
   "cell_type": "code",
   "execution_count": 3,
   "id": "9b788f9c",
   "metadata": {},
   "outputs": [
    {
     "data": {
      "text/plain": [
       "Index(['cement', 'slag', 'ash', 'water', 'superplastic', 'coarseagg',\n",
       "       'fineagg', 'age', 'strength'],\n",
       "      dtype='object')"
      ]
     },
     "execution_count": 3,
     "metadata": {},
     "output_type": "execute_result"
    }
   ],
   "source": [
    "concrete_data.columns"
   ]
  },
  {
   "cell_type": "code",
   "execution_count": 4,
   "id": "7e6b6a67",
   "metadata": {},
   "outputs": [
    {
     "data": {
      "text/plain": [
       "(1030, 9)"
      ]
     },
     "execution_count": 4,
     "metadata": {},
     "output_type": "execute_result"
    }
   ],
   "source": [
    "concrete_data.shape"
   ]
  },
  {
   "cell_type": "code",
   "execution_count": 5,
   "id": "5be1cf74",
   "metadata": {},
   "outputs": [
    {
     "name": "stdout",
     "output_type": "stream",
     "text": [
      "<class 'pandas.core.frame.DataFrame'>\n",
      "RangeIndex: 1030 entries, 0 to 1029\n",
      "Data columns (total 9 columns):\n",
      " #   Column        Non-Null Count  Dtype  \n",
      "---  ------        --------------  -----  \n",
      " 0   cement        1030 non-null   float64\n",
      " 1   slag          1030 non-null   float64\n",
      " 2   ash           1030 non-null   float64\n",
      " 3   water         1030 non-null   float64\n",
      " 4   superplastic  1030 non-null   float64\n",
      " 5   coarseagg     1030 non-null   float64\n",
      " 6   fineagg       1030 non-null   float64\n",
      " 7   age           1030 non-null   int64  \n",
      " 8   strength      1030 non-null   float64\n",
      "dtypes: float64(8), int64(1)\n",
      "memory usage: 72.5 KB\n"
     ]
    }
   ],
   "source": [
    "concrete_data.info()"
   ]
  },
  {
   "cell_type": "code",
   "execution_count": 6,
   "id": "053c2314",
   "metadata": {},
   "outputs": [
    {
     "data": {
      "text/html": [
       "<div>\n",
       "<style scoped>\n",
       "    .dataframe tbody tr th:only-of-type {\n",
       "        vertical-align: middle;\n",
       "    }\n",
       "\n",
       "    .dataframe tbody tr th {\n",
       "        vertical-align: top;\n",
       "    }\n",
       "\n",
       "    .dataframe thead th {\n",
       "        text-align: right;\n",
       "    }\n",
       "</style>\n",
       "<table border=\"1\" class=\"dataframe\">\n",
       "  <thead>\n",
       "    <tr style=\"text-align: right;\">\n",
       "      <th></th>\n",
       "      <th>count</th>\n",
       "      <th>mean</th>\n",
       "      <th>std</th>\n",
       "      <th>min</th>\n",
       "      <th>25%</th>\n",
       "      <th>50%</th>\n",
       "      <th>75%</th>\n",
       "      <th>max</th>\n",
       "    </tr>\n",
       "  </thead>\n",
       "  <tbody>\n",
       "    <tr>\n",
       "      <th>cement</th>\n",
       "      <td>1030.0</td>\n",
       "      <td>281.167864</td>\n",
       "      <td>104.506364</td>\n",
       "      <td>102.00</td>\n",
       "      <td>192.375</td>\n",
       "      <td>272.900</td>\n",
       "      <td>350.000</td>\n",
       "      <td>540.0</td>\n",
       "    </tr>\n",
       "    <tr>\n",
       "      <th>slag</th>\n",
       "      <td>1030.0</td>\n",
       "      <td>73.895825</td>\n",
       "      <td>86.279342</td>\n",
       "      <td>0.00</td>\n",
       "      <td>0.000</td>\n",
       "      <td>22.000</td>\n",
       "      <td>142.950</td>\n",
       "      <td>359.4</td>\n",
       "    </tr>\n",
       "    <tr>\n",
       "      <th>ash</th>\n",
       "      <td>1030.0</td>\n",
       "      <td>54.188350</td>\n",
       "      <td>63.997004</td>\n",
       "      <td>0.00</td>\n",
       "      <td>0.000</td>\n",
       "      <td>0.000</td>\n",
       "      <td>118.300</td>\n",
       "      <td>200.1</td>\n",
       "    </tr>\n",
       "    <tr>\n",
       "      <th>water</th>\n",
       "      <td>1030.0</td>\n",
       "      <td>181.567282</td>\n",
       "      <td>21.354219</td>\n",
       "      <td>121.80</td>\n",
       "      <td>164.900</td>\n",
       "      <td>185.000</td>\n",
       "      <td>192.000</td>\n",
       "      <td>247.0</td>\n",
       "    </tr>\n",
       "    <tr>\n",
       "      <th>superplastic</th>\n",
       "      <td>1030.0</td>\n",
       "      <td>6.204660</td>\n",
       "      <td>5.973841</td>\n",
       "      <td>0.00</td>\n",
       "      <td>0.000</td>\n",
       "      <td>6.400</td>\n",
       "      <td>10.200</td>\n",
       "      <td>32.2</td>\n",
       "    </tr>\n",
       "    <tr>\n",
       "      <th>coarseagg</th>\n",
       "      <td>1030.0</td>\n",
       "      <td>972.918932</td>\n",
       "      <td>77.753954</td>\n",
       "      <td>801.00</td>\n",
       "      <td>932.000</td>\n",
       "      <td>968.000</td>\n",
       "      <td>1029.400</td>\n",
       "      <td>1145.0</td>\n",
       "    </tr>\n",
       "    <tr>\n",
       "      <th>fineagg</th>\n",
       "      <td>1030.0</td>\n",
       "      <td>773.580485</td>\n",
       "      <td>80.175980</td>\n",
       "      <td>594.00</td>\n",
       "      <td>730.950</td>\n",
       "      <td>779.500</td>\n",
       "      <td>824.000</td>\n",
       "      <td>992.6</td>\n",
       "    </tr>\n",
       "    <tr>\n",
       "      <th>age</th>\n",
       "      <td>1030.0</td>\n",
       "      <td>45.662136</td>\n",
       "      <td>63.169912</td>\n",
       "      <td>1.00</td>\n",
       "      <td>7.000</td>\n",
       "      <td>28.000</td>\n",
       "      <td>56.000</td>\n",
       "      <td>365.0</td>\n",
       "    </tr>\n",
       "    <tr>\n",
       "      <th>strength</th>\n",
       "      <td>1030.0</td>\n",
       "      <td>35.817961</td>\n",
       "      <td>16.705742</td>\n",
       "      <td>2.33</td>\n",
       "      <td>23.710</td>\n",
       "      <td>34.445</td>\n",
       "      <td>46.135</td>\n",
       "      <td>82.6</td>\n",
       "    </tr>\n",
       "  </tbody>\n",
       "</table>\n",
       "</div>"
      ],
      "text/plain": [
       "               count        mean         std     min      25%      50%  \\\n",
       "cement        1030.0  281.167864  104.506364  102.00  192.375  272.900   \n",
       "slag          1030.0   73.895825   86.279342    0.00    0.000   22.000   \n",
       "ash           1030.0   54.188350   63.997004    0.00    0.000    0.000   \n",
       "water         1030.0  181.567282   21.354219  121.80  164.900  185.000   \n",
       "superplastic  1030.0    6.204660    5.973841    0.00    0.000    6.400   \n",
       "coarseagg     1030.0  972.918932   77.753954  801.00  932.000  968.000   \n",
       "fineagg       1030.0  773.580485   80.175980  594.00  730.950  779.500   \n",
       "age           1030.0   45.662136   63.169912    1.00    7.000   28.000   \n",
       "strength      1030.0   35.817961   16.705742    2.33   23.710   34.445   \n",
       "\n",
       "                   75%     max  \n",
       "cement         350.000   540.0  \n",
       "slag           142.950   359.4  \n",
       "ash            118.300   200.1  \n",
       "water          192.000   247.0  \n",
       "superplastic    10.200    32.2  \n",
       "coarseagg     1029.400  1145.0  \n",
       "fineagg        824.000   992.6  \n",
       "age             56.000   365.0  \n",
       "strength        46.135    82.6  "
      ]
     },
     "execution_count": 6,
     "metadata": {},
     "output_type": "execute_result"
    }
   ],
   "source": [
    "concrete_data.describe().T"
   ]
  },
  {
   "cell_type": "code",
   "execution_count": 7,
   "id": "58f92d7b",
   "metadata": {},
   "outputs": [
    {
     "data": {
      "text/plain": [
       "cement          0\n",
       "slag            0\n",
       "ash             0\n",
       "water           0\n",
       "superplastic    0\n",
       "coarseagg       0\n",
       "fineagg         0\n",
       "age             0\n",
       "strength        0\n",
       "dtype: int64"
      ]
     },
     "execution_count": 7,
     "metadata": {},
     "output_type": "execute_result"
    }
   ],
   "source": [
    "concrete_data.isna().sum()"
   ]
  },
  {
   "cell_type": "code",
   "execution_count": 8,
   "id": "65ff45ce",
   "metadata": {},
   "outputs": [
    {
     "data": {
      "text/html": [
       "<div>\n",
       "<style scoped>\n",
       "    .dataframe tbody tr th:only-of-type {\n",
       "        vertical-align: middle;\n",
       "    }\n",
       "\n",
       "    .dataframe tbody tr th {\n",
       "        vertical-align: top;\n",
       "    }\n",
       "\n",
       "    .dataframe thead th {\n",
       "        text-align: right;\n",
       "    }\n",
       "</style>\n",
       "<table border=\"1\" class=\"dataframe\">\n",
       "  <thead>\n",
       "    <tr style=\"text-align: right;\">\n",
       "      <th></th>\n",
       "      <th>cement</th>\n",
       "      <th>slag</th>\n",
       "      <th>ash</th>\n",
       "      <th>water</th>\n",
       "      <th>superplastic</th>\n",
       "      <th>coarseagg</th>\n",
       "      <th>fineagg</th>\n",
       "      <th>age</th>\n",
       "      <th>strength</th>\n",
       "    </tr>\n",
       "  </thead>\n",
       "  <tbody>\n",
       "    <tr>\n",
       "      <th>cement</th>\n",
       "      <td>1.000000</td>\n",
       "      <td>-0.275216</td>\n",
       "      <td>-0.397467</td>\n",
       "      <td>-0.081587</td>\n",
       "      <td>0.092386</td>\n",
       "      <td>-0.109349</td>\n",
       "      <td>-0.222718</td>\n",
       "      <td>0.081946</td>\n",
       "      <td>0.497832</td>\n",
       "    </tr>\n",
       "    <tr>\n",
       "      <th>slag</th>\n",
       "      <td>-0.275216</td>\n",
       "      <td>1.000000</td>\n",
       "      <td>-0.323580</td>\n",
       "      <td>0.107252</td>\n",
       "      <td>0.043270</td>\n",
       "      <td>-0.283999</td>\n",
       "      <td>-0.281603</td>\n",
       "      <td>-0.044246</td>\n",
       "      <td>0.134829</td>\n",
       "    </tr>\n",
       "    <tr>\n",
       "      <th>ash</th>\n",
       "      <td>-0.397467</td>\n",
       "      <td>-0.323580</td>\n",
       "      <td>1.000000</td>\n",
       "      <td>-0.256984</td>\n",
       "      <td>0.377503</td>\n",
       "      <td>-0.009961</td>\n",
       "      <td>0.079108</td>\n",
       "      <td>-0.154371</td>\n",
       "      <td>-0.105755</td>\n",
       "    </tr>\n",
       "    <tr>\n",
       "      <th>water</th>\n",
       "      <td>-0.081587</td>\n",
       "      <td>0.107252</td>\n",
       "      <td>-0.256984</td>\n",
       "      <td>1.000000</td>\n",
       "      <td>-0.657533</td>\n",
       "      <td>-0.182294</td>\n",
       "      <td>-0.450661</td>\n",
       "      <td>0.277618</td>\n",
       "      <td>-0.289633</td>\n",
       "    </tr>\n",
       "    <tr>\n",
       "      <th>superplastic</th>\n",
       "      <td>0.092386</td>\n",
       "      <td>0.043270</td>\n",
       "      <td>0.377503</td>\n",
       "      <td>-0.657533</td>\n",
       "      <td>1.000000</td>\n",
       "      <td>-0.265999</td>\n",
       "      <td>0.222691</td>\n",
       "      <td>-0.192700</td>\n",
       "      <td>0.366079</td>\n",
       "    </tr>\n",
       "    <tr>\n",
       "      <th>coarseagg</th>\n",
       "      <td>-0.109349</td>\n",
       "      <td>-0.283999</td>\n",
       "      <td>-0.009961</td>\n",
       "      <td>-0.182294</td>\n",
       "      <td>-0.265999</td>\n",
       "      <td>1.000000</td>\n",
       "      <td>-0.178481</td>\n",
       "      <td>-0.003016</td>\n",
       "      <td>-0.164935</td>\n",
       "    </tr>\n",
       "    <tr>\n",
       "      <th>fineagg</th>\n",
       "      <td>-0.222718</td>\n",
       "      <td>-0.281603</td>\n",
       "      <td>0.079108</td>\n",
       "      <td>-0.450661</td>\n",
       "      <td>0.222691</td>\n",
       "      <td>-0.178481</td>\n",
       "      <td>1.000000</td>\n",
       "      <td>-0.156095</td>\n",
       "      <td>-0.167241</td>\n",
       "    </tr>\n",
       "    <tr>\n",
       "      <th>age</th>\n",
       "      <td>0.081946</td>\n",
       "      <td>-0.044246</td>\n",
       "      <td>-0.154371</td>\n",
       "      <td>0.277618</td>\n",
       "      <td>-0.192700</td>\n",
       "      <td>-0.003016</td>\n",
       "      <td>-0.156095</td>\n",
       "      <td>1.000000</td>\n",
       "      <td>0.328873</td>\n",
       "    </tr>\n",
       "    <tr>\n",
       "      <th>strength</th>\n",
       "      <td>0.497832</td>\n",
       "      <td>0.134829</td>\n",
       "      <td>-0.105755</td>\n",
       "      <td>-0.289633</td>\n",
       "      <td>0.366079</td>\n",
       "      <td>-0.164935</td>\n",
       "      <td>-0.167241</td>\n",
       "      <td>0.328873</td>\n",
       "      <td>1.000000</td>\n",
       "    </tr>\n",
       "  </tbody>\n",
       "</table>\n",
       "</div>"
      ],
      "text/plain": [
       "                cement      slag       ash     water  superplastic  coarseagg  \\\n",
       "cement        1.000000 -0.275216 -0.397467 -0.081587      0.092386  -0.109349   \n",
       "slag         -0.275216  1.000000 -0.323580  0.107252      0.043270  -0.283999   \n",
       "ash          -0.397467 -0.323580  1.000000 -0.256984      0.377503  -0.009961   \n",
       "water        -0.081587  0.107252 -0.256984  1.000000     -0.657533  -0.182294   \n",
       "superplastic  0.092386  0.043270  0.377503 -0.657533      1.000000  -0.265999   \n",
       "coarseagg    -0.109349 -0.283999 -0.009961 -0.182294     -0.265999   1.000000   \n",
       "fineagg      -0.222718 -0.281603  0.079108 -0.450661      0.222691  -0.178481   \n",
       "age           0.081946 -0.044246 -0.154371  0.277618     -0.192700  -0.003016   \n",
       "strength      0.497832  0.134829 -0.105755 -0.289633      0.366079  -0.164935   \n",
       "\n",
       "               fineagg       age  strength  \n",
       "cement       -0.222718  0.081946  0.497832  \n",
       "slag         -0.281603 -0.044246  0.134829  \n",
       "ash           0.079108 -0.154371 -0.105755  \n",
       "water        -0.450661  0.277618 -0.289633  \n",
       "superplastic  0.222691 -0.192700  0.366079  \n",
       "coarseagg    -0.178481 -0.003016 -0.164935  \n",
       "fineagg       1.000000 -0.156095 -0.167241  \n",
       "age          -0.156095  1.000000  0.328873  \n",
       "strength     -0.167241  0.328873  1.000000  "
      ]
     },
     "execution_count": 8,
     "metadata": {},
     "output_type": "execute_result"
    }
   ],
   "source": [
    "concrete_data_corr_pearson = concrete_data.corr(method='pearson')\n",
    "concrete_data_corr_pearson"
   ]
  },
  {
   "cell_type": "code",
   "execution_count": 9,
   "id": "27df1eb6",
   "metadata": {},
   "outputs": [
    {
     "data": {
      "text/html": [
       "<div>\n",
       "<style scoped>\n",
       "    .dataframe tbody tr th:only-of-type {\n",
       "        vertical-align: middle;\n",
       "    }\n",
       "\n",
       "    .dataframe tbody tr th {\n",
       "        vertical-align: top;\n",
       "    }\n",
       "\n",
       "    .dataframe thead th {\n",
       "        text-align: right;\n",
       "    }\n",
       "</style>\n",
       "<table border=\"1\" class=\"dataframe\">\n",
       "  <thead>\n",
       "    <tr style=\"text-align: right;\">\n",
       "      <th></th>\n",
       "      <th>cement</th>\n",
       "      <th>slag</th>\n",
       "      <th>ash</th>\n",
       "      <th>water</th>\n",
       "      <th>superplastic</th>\n",
       "      <th>coarseagg</th>\n",
       "      <th>fineagg</th>\n",
       "      <th>age</th>\n",
       "      <th>strength</th>\n",
       "    </tr>\n",
       "  </thead>\n",
       "  <tbody>\n",
       "    <tr>\n",
       "      <th>cement</th>\n",
       "      <td>1.000000</td>\n",
       "      <td>-0.245167</td>\n",
       "      <td>-0.418320</td>\n",
       "      <td>-0.094437</td>\n",
       "      <td>0.037919</td>\n",
       "      <td>-0.144880</td>\n",
       "      <td>-0.173596</td>\n",
       "      <td>0.004640</td>\n",
       "      <td>0.477614</td>\n",
       "    </tr>\n",
       "    <tr>\n",
       "      <th>slag</th>\n",
       "      <td>-0.245167</td>\n",
       "      <td>1.000000</td>\n",
       "      <td>-0.253551</td>\n",
       "      <td>0.053360</td>\n",
       "      <td>0.098137</td>\n",
       "      <td>-0.348898</td>\n",
       "      <td>-0.302278</td>\n",
       "      <td>-0.017581</td>\n",
       "      <td>0.164105</td>\n",
       "    </tr>\n",
       "    <tr>\n",
       "      <th>ash</th>\n",
       "      <td>-0.418320</td>\n",
       "      <td>-0.253551</td>\n",
       "      <td>1.000000</td>\n",
       "      <td>-0.283150</td>\n",
       "      <td>0.454091</td>\n",
       "      <td>0.058366</td>\n",
       "      <td>0.051307</td>\n",
       "      <td>0.002801</td>\n",
       "      <td>-0.077830</td>\n",
       "    </tr>\n",
       "    <tr>\n",
       "      <th>water</th>\n",
       "      <td>-0.094437</td>\n",
       "      <td>0.053360</td>\n",
       "      <td>-0.283150</td>\n",
       "      <td>1.000000</td>\n",
       "      <td>-0.686923</td>\n",
       "      <td>-0.218487</td>\n",
       "      <td>-0.345614</td>\n",
       "      <td>0.090942</td>\n",
       "      <td>-0.308414</td>\n",
       "    </tr>\n",
       "    <tr>\n",
       "      <th>superplastic</th>\n",
       "      <td>0.037919</td>\n",
       "      <td>0.098137</td>\n",
       "      <td>0.454091</td>\n",
       "      <td>-0.686923</td>\n",
       "      <td>1.000000</td>\n",
       "      <td>-0.198802</td>\n",
       "      <td>0.168313</td>\n",
       "      <td>-0.009525</td>\n",
       "      <td>0.347786</td>\n",
       "    </tr>\n",
       "    <tr>\n",
       "      <th>coarseagg</th>\n",
       "      <td>-0.144880</td>\n",
       "      <td>-0.348898</td>\n",
       "      <td>0.058366</td>\n",
       "      <td>-0.218487</td>\n",
       "      <td>-0.198802</td>\n",
       "      <td>1.000000</td>\n",
       "      <td>-0.100480</td>\n",
       "      <td>-0.044928</td>\n",
       "      <td>-0.183542</td>\n",
       "    </tr>\n",
       "    <tr>\n",
       "      <th>fineagg</th>\n",
       "      <td>-0.173596</td>\n",
       "      <td>-0.302278</td>\n",
       "      <td>0.051307</td>\n",
       "      <td>-0.345614</td>\n",
       "      <td>0.168313</td>\n",
       "      <td>-0.100480</td>\n",
       "      <td>1.000000</td>\n",
       "      <td>-0.057362</td>\n",
       "      <td>-0.179962</td>\n",
       "    </tr>\n",
       "    <tr>\n",
       "      <th>age</th>\n",
       "      <td>0.004640</td>\n",
       "      <td>-0.017581</td>\n",
       "      <td>0.002801</td>\n",
       "      <td>0.090942</td>\n",
       "      <td>-0.009525</td>\n",
       "      <td>-0.044928</td>\n",
       "      <td>-0.057362</td>\n",
       "      <td>1.000000</td>\n",
       "      <td>0.596028</td>\n",
       "    </tr>\n",
       "    <tr>\n",
       "      <th>strength</th>\n",
       "      <td>0.477614</td>\n",
       "      <td>0.164105</td>\n",
       "      <td>-0.077830</td>\n",
       "      <td>-0.308414</td>\n",
       "      <td>0.347786</td>\n",
       "      <td>-0.183542</td>\n",
       "      <td>-0.179962</td>\n",
       "      <td>0.596028</td>\n",
       "      <td>1.000000</td>\n",
       "    </tr>\n",
       "  </tbody>\n",
       "</table>\n",
       "</div>"
      ],
      "text/plain": [
       "                cement      slag       ash     water  superplastic  coarseagg  \\\n",
       "cement        1.000000 -0.245167 -0.418320 -0.094437      0.037919  -0.144880   \n",
       "slag         -0.245167  1.000000 -0.253551  0.053360      0.098137  -0.348898   \n",
       "ash          -0.418320 -0.253551  1.000000 -0.283150      0.454091   0.058366   \n",
       "water        -0.094437  0.053360 -0.283150  1.000000     -0.686923  -0.218487   \n",
       "superplastic  0.037919  0.098137  0.454091 -0.686923      1.000000  -0.198802   \n",
       "coarseagg    -0.144880 -0.348898  0.058366 -0.218487     -0.198802   1.000000   \n",
       "fineagg      -0.173596 -0.302278  0.051307 -0.345614      0.168313  -0.100480   \n",
       "age           0.004640 -0.017581  0.002801  0.090942     -0.009525  -0.044928   \n",
       "strength      0.477614  0.164105 -0.077830 -0.308414      0.347786  -0.183542   \n",
       "\n",
       "               fineagg       age  strength  \n",
       "cement       -0.173596  0.004640  0.477614  \n",
       "slag         -0.302278 -0.017581  0.164105  \n",
       "ash           0.051307  0.002801 -0.077830  \n",
       "water        -0.345614  0.090942 -0.308414  \n",
       "superplastic  0.168313 -0.009525  0.347786  \n",
       "coarseagg    -0.100480 -0.044928 -0.183542  \n",
       "fineagg       1.000000 -0.057362 -0.179962  \n",
       "age          -0.057362  1.000000  0.596028  \n",
       "strength     -0.179962  0.596028  1.000000  "
      ]
     },
     "execution_count": 9,
     "metadata": {},
     "output_type": "execute_result"
    }
   ],
   "source": [
    "concrete_data_corr_spearman = concrete_data.corr(method='spearman')\n",
    "concrete_data_corr_spearman"
   ]
  },
  {
   "cell_type": "code",
   "execution_count": 10,
   "id": "2823d118",
   "metadata": {},
   "outputs": [
    {
     "data": {
